2025/11/08-17:35:29.143014 6a38 RocksDB version: 10.4.2
2025/11/08-17:35:29.143447 6a38 Compile date 2025-07-09 11:14:20
2025/11/08-17:35:29.143458 6a38 DB SUMMARY
2025/11/08-17:35:29.143466 6a38 Host name (Env):  ADMIN
2025/11/08-17:35:29.143472 6a38 DB Session ID:  ACTYNE9ZNI7CCL7XFWS2
2025/11/08-17:35:29.143632 6a38 SST files in ./vote_db dir, Total Num: 0, files: 
2025/11/08-17:35:29.143644 6a38 Write Ahead Log file in ./vote_db: 
2025/11/08-17:35:29.143650 6a38                         Options.error_if_exists: 0
2025/11/08-17:35:29.143656 6a38                       Options.create_if_missing: 1
2025/11/08-17:35:29.143662 6a38                         Options.paranoid_checks: 1
2025/11/08-17:35:29.143668 6a38             Options.flush_verify_memtable_count: 1
2025/11/08-17:35:29.143834 6a38          Options.compaction_verify_record_count: 1
2025/11/08-17:35:29.143838 6a38                               Options.track_and_verify_wals_in_manifest: 0
2025/11/08-17:35:29.143840 6a38                               Options.track_and_verify_wals: 0
2025/11/08-17:35:29.143844 6a38        Options.verify_sst_unique_id_in_manifest: 1
2025/11/08-17:35:29.143847 6a38                                     Options.env: 0000028C975B2540
2025/11/08-17:35:29.143849 6a38                                      Options.fs: WinFS
2025/11/08-17:35:29.143852 6a38                                Options.info_log: 0000028C975B3170
2025/11/08-17:35:29.143854 6a38                Options.max_file_opening_threads: 16
2025/11/08-17:35:29.143857 6a38                              Options.statistics: 0000000000000000
2025/11/08-17:35:29.143859 6a38                               Options.use_fsync: 0
2025/11/08-17:35:29.143862 6a38                       Options.max_log_file_size: 0
2025/11/08-17:35:29.143864 6a38                  Options.max_manifest_file_size: 1073741824
2025/11/08-17:35:29.143866 6a38                   Options.log_file_time_to_roll: 0
2025/11/08-17:35:29.143869 6a38                       Options.keep_log_file_num: 1000
2025/11/08-17:35:29.143871 6a38                    Options.recycle_log_file_num: 0
2025/11/08-17:35:29.143873 6a38                         Options.allow_fallocate: 1
2025/11/08-17:35:29.143875 6a38                        Options.allow_mmap_reads: 0
2025/11/08-17:35:29.143878 6a38                       Options.allow_mmap_writes: 0
2025/11/08-17:35:29.143880 6a38                        Options.use_direct_reads: 0
2025/11/08-17:35:29.143882 6a38                        Options.use_direct_io_for_flush_and_compaction: 0
2025/11/08-17:35:29.143885 6a38          Options.create_missing_column_families: 0
2025/11/08-17:35:29.143887 6a38                              Options.db_log_dir: 
2025/11/08-17:35:29.143889 6a38                                 Options.wal_dir: 
2025/11/08-17:35:29.143891 6a38                Options.table_cache_numshardbits: 6
2025/11/08-17:35:29.143894 6a38                         Options.WAL_ttl_seconds: 0
2025/11/08-17:35:29.143896 6a38                       Options.WAL_size_limit_MB: 0
2025/11/08-17:35:29.143898 6a38                        Options.max_write_batch_group_size_bytes: 1048576
2025/11/08-17:35:29.143901 6a38             Options.manifest_preallocation_size: 4194304
2025/11/08-17:35:29.143903 6a38                     Options.is_fd_close_on_exec: 1
2025/11/08-17:35:29.143905 6a38                   Options.advise_random_on_open: 1
2025/11/08-17:35:29.143908 6a38                    Options.db_write_buffer_size: 0
2025/11/08-17:35:29.143910 6a38                    Options.write_buffer_manager: 0000028C975C6EC0
2025/11/08-17:35:29.143912 6a38                      Options.use_adaptive_mutex: 0
2025/11/08-17:35:29.143915 6a38                            Options.rate_limiter: 0000000000000000
2025/11/08-17:35:29.143919 6a38     Options.sst_file_manager.rate_bytes_per_sec: 0
2025/11/08-17:35:29.143922 6a38                       Options.wal_recovery_mode: 2
2025/11/08-17:35:29.143924 6a38                  Options.enable_thread_tracking: 0
2025/11/08-17:35:29.143926 6a38                  Options.enable_pipelined_write: 0
2025/11/08-17:35:29.143944 6a38                  Options.unordered_write: 0
2025/11/08-17:35:29.143947 6a38         Options.allow_concurrent_memtable_write: 1
2025/11/08-17:35:29.143949 6a38      Options.enable_write_thread_adaptive_yield: 1
2025/11/08-17:35:29.143951 6a38             Options.write_thread_max_yield_usec: 100
2025/11/08-17:35:29.143954 6a38            Options.write_thread_slow_yield_usec: 3
2025/11/08-17:35:29.143956 6a38                               Options.row_cache: None
2025/11/08-17:35:29.143958 6a38                              Options.wal_filter: None
2025/11/08-17:35:29.143960 6a38             Options.avoid_flush_during_recovery: 0
2025/11/08-17:35:29.143963 6a38             Options.allow_ingest_behind: 0
2025/11/08-17:35:29.143965 6a38             Options.two_write_queues: 0
2025/11/08-17:35:29.143967 6a38             Options.manual_wal_flush: 0
2025/11/08-17:35:29.143970 6a38             Options.wal_compression: 0
2025/11/08-17:35:29.143972 6a38             Options.background_close_inactive_wals: 0
2025/11/08-17:35:29.143974 6a38             Options.atomic_flush: 0
2025/11/08-17:35:29.143976 6a38             Options.avoid_unnecessary_blocking_io: 0
2025/11/08-17:35:29.143978 6a38             Options.prefix_seek_opt_in_only: 0
2025/11/08-17:35:29.143981 6a38                 Options.persist_stats_to_disk: 0
2025/11/08-17:35:29.143983 6a38                 Options.write_dbid_to_manifest: 1
2025/11/08-17:35:29.143985 6a38                 Options.write_identity_file: 1
2025/11/08-17:35:29.143987 6a38                 Options.log_readahead_size: 0
2025/11/08-17:35:29.143990 6a38                 Options.file_checksum_gen_factory: Unknown
2025/11/08-17:35:29.143992 6a38                 Options.best_efforts_recovery: 0
2025/11/08-17:35:29.143994 6a38                Options.max_bgerror_resume_count: 2147483647
2025/11/08-17:35:29.143997 6a38            Options.bgerror_resume_retry_interval: 1000000
2025/11/08-17:35:29.143999 6a38             Options.allow_data_in_errors: 0
2025/11/08-17:35:29.144001 6a38             Options.db_host_id: __hostname__
2025/11/08-17:35:29.144004 6a38             Options.enforce_single_del_contracts: true
2025/11/08-17:35:29.144010 6a38             Options.metadata_write_temperature: kUnknown
2025/11/08-17:35:29.144013 6a38             Options.wal_write_temperature: kUnknown
2025/11/08-17:35:29.144015 6a38             Options.max_background_jobs: 2
2025/11/08-17:35:29.144017 6a38             Options.max_background_compactions: -1
2025/11/08-17:35:29.144020 6a38             Options.max_subcompactions: 1
2025/11/08-17:35:29.144022 6a38             Options.avoid_flush_during_shutdown: 0
2025/11/08-17:35:29.144024 6a38           Options.writable_file_max_buffer_size: 1048576
2025/11/08-17:35:29.144026 6a38             Options.delayed_write_rate : 16777216
2025/11/08-17:35:29.144029 6a38             Options.max_total_wal_size: 0
2025/11/08-17:35:29.144031 6a38             Options.delete_obsolete_files_period_micros: 21600000000
2025/11/08-17:35:29.144033 6a38                   Options.stats_dump_period_sec: 600
2025/11/08-17:35:29.144035 6a38                 Options.stats_persist_period_sec: 600
2025/11/08-17:35:29.144037 6a38                 Options.stats_history_buffer_size: 1048576
2025/11/08-17:35:29.144040 6a38                          Options.max_open_files: -1
2025/11/08-17:35:29.144042 6a38                          Options.bytes_per_sync: 0
2025/11/08-17:35:29.144044 6a38                      Options.wal_bytes_per_sync: 0
2025/11/08-17:35:29.144046 6a38                   Options.strict_bytes_per_sync: 0
2025/11/08-17:35:29.144048 6a38       Options.compaction_readahead_size: 2097152
2025/11/08-17:35:29.144051 6a38                  Options.max_background_flushes: -1
2025/11/08-17:35:29.144053 6a38 Options.daily_offpeak_time_utc: 
2025/11/08-17:35:29.144055 6a38 Compression algorithms supported:
2025/11/08-17:35:29.144057 6a38 	kZSTD supported: 1
2025/11/08-17:35:29.144060 6a38 	kCustomCompressionA3 supported: 0
2025/11/08-17:35:29.144062 6a38 	kSnappyCompression supported: 1
2025/11/08-17:35:29.144075 6a38 	kCustomCompressionA5 supported: 0
2025/11/08-17:35:29.144078 6a38 	kBZip2Compression supported: 1
2025/11/08-17:35:29.144080 6a38 	kZlibCompression supported: 1
2025/11/08-17:35:29.144083 6a38 	kLZ4Compression supported: 1
2025/11/08-17:35:29.144085 6a38 	kXpressCompression supported: 0
2025/11/08-17:35:29.144087 6a38 	kCustomCompressionA7 supported: 0
2025/11/08-17:35:29.144089 6a38 	kLZ4HCCompression supported: 1
2025/11/08-17:35:29.144092 6a38 	kCustomCompressionB2 supported: 0
2025/11/08-17:35:29.144094 6a38 	kCustomCompression9C supported: 0
2025/11/08-17:35:29.144096 6a38 	kCustomCompression80 supported: 0
2025/11/08-17:35:29.144099 6a38 	kCustomCompressionB3 supported: 0
2025/11/08-17:35:29.144101 6a38 	kCustomCompression9B supported: 0
2025/11/08-17:35:29.144103 6a38 	kCustomCompression81 supported: 0
2025/11/08-17:35:29.144105 6a38 	kCustomCompressionB0 supported: 0
2025/11/08-17:35:29.144108 6a38 	kCustomCompression9A supported: 0
2025/11/08-17:35:29.144110 6a38 	kCustomCompression82 supported: 0
2025/11/08-17:35:29.144112 6a38 	kCustomCompressionB1 supported: 0
2025/11/08-17:35:29.144114 6a38 	kCustomCompression83 supported: 0
2025/11/08-17:35:29.144117 6a38 	kCustomCompressionB6 supported: 0
2025/11/08-17:35:29.144119 6a38 	kCustomCompression84 supported: 0
2025/11/08-17:35:29.144121 6a38 	kCustomCompressionB7 supported: 0
2025/11/08-17:35:29.144123 6a38 	kCustomCompression9F supported: 0
2025/11/08-17:35:29.144125 6a38 	kCustomCompression85 supported: 0
2025/11/08-17:35:29.144127 6a38 	kCustomCompressionB4 supported: 0
2025/11/08-17:35:29.144130 6a38 	kCustomCompression9E supported: 0
2025/11/08-17:35:29.144132 6a38 	kCustomCompression86 supported: 0
2025/11/08-17:35:29.144134 6a38 	kCustomCompressionB5 supported: 0
2025/11/08-17:35:29.144136 6a38 	kCustomCompression9D supported: 0
2025/11/08-17:35:29.144138 6a38 	kCustomCompression87 supported: 0
2025/11/08-17:35:29.144140 6a38 	kCustomCompression88 supported: 0
2025/11/08-17:35:29.144143 6a38 	kCustomCompression89 supported: 0
2025/11/08-17:35:29.144145 6a38 	kCustomCompression92 supported: 0
2025/11/08-17:35:29.144147 6a38 	kCustomCompression8A supported: 0
2025/11/08-17:35:29.144149 6a38 	kCustomCompression91 supported: 0
2025/11/08-17:35:29.144151 6a38 	kCustomCompression8B supported: 0
2025/11/08-17:35:29.144153 6a38 	kCustomCompression90 supported: 0
2025/11/08-17:35:29.144156 6a38 	kCustomCompression8C supported: 0
2025/11/08-17:35:29.144158 6a38 	kCustomCompression97 supported: 0
2025/11/08-17:35:29.144160 6a38 	kCustomCompression8D supported: 0
2025/11/08-17:35:29.144162 6a38 	kCustomCompression96 supported: 0
2025/11/08-17:35:29.144164 6a38 	kCustomCompression8E supported: 0
2025/11/08-17:35:29.144167 6a38 	kCustomCompression95 supported: 0
2025/11/08-17:35:29.144169 6a38 	kCustomCompression8F supported: 0
2025/11/08-17:35:29.144171 6a38 	kCustomCompression93 supported: 0
2025/11/08-17:35:29.144173 6a38 	kCustomCompression94 supported: 0
2025/11/08-17:35:29.144175 6a38 	kCustomCompression98 supported: 0
2025/11/08-17:35:29.144177 6a38 	kCustomCompression99 supported: 0
2025/11/08-17:35:29.144179 6a38 	kCustomCompressionA0 supported: 0
2025/11/08-17:35:29.144181 6a38 	kCustomCompressionA1 supported: 0
2025/11/08-17:35:29.144184 6a38 	kCustomCompressionA2 supported: 0
2025/11/08-17:35:29.144186 6a38 	kCustomCompressionA4 supported: 0
2025/11/08-17:35:29.144188 6a38 	kCustomCompressionA6 supported: 0
2025/11/08-17:35:29.144190 6a38 	kCustomCompressionA8 supported: 0
2025/11/08-17:35:29.144192 6a38 	kCustomCompressionA9 supported: 0
2025/11/08-17:35:29.144194 6a38 	kCustomCompressionAA supported: 0
2025/11/08-17:35:29.144196 6a38 	kCustomCompressionAB supported: 0
2025/11/08-17:35:29.144199 6a38 	kCustomCompressionAC supported: 0
2025/11/08-17:35:29.144201 6a38 	kCustomCompressionAD supported: 0
2025/11/08-17:35:29.144203 6a38 	kCustomCompressionAE supported: 0
2025/11/08-17:35:29.144205 6a38 	kCustomCompressionAF supported: 0
2025/11/08-17:35:29.144207 6a38 	kCustomCompressionB8 supported: 0
2025/11/08-17:35:29.144210 6a38 	kCustomCompressionB9 supported: 0
2025/11/08-17:35:29.144212 6a38 	kCustomCompressionBA supported: 0
2025/11/08-17:35:29.144215 6a38 	kCustomCompressionBB supported: 0
2025/11/08-17:35:29.144217 6a38 	kCustomCompressionBC supported: 0
2025/11/08-17:35:29.144219 6a38 	kCustomCompressionBD supported: 0
2025/11/08-17:35:29.144221 6a38 	kCustomCompressionBE supported: 0
2025/11/08-17:35:29.144224 6a38 	kCustomCompressionBF supported: 0
2025/11/08-17:35:29.144226 6a38 	kCustomCompressionC0 supported: 0
2025/11/08-17:35:29.144228 6a38 	kCustomCompressionC1 supported: 0
2025/11/08-17:35:29.144230 6a38 	kCustomCompressionC2 supported: 0
2025/11/08-17:35:29.144232 6a38 	kCustomCompressionC3 supported: 0
2025/11/08-17:35:29.144234 6a38 	kCustomCompressionC4 supported: 0
2025/11/08-17:35:29.144237 6a38 	kCustomCompressionC5 supported: 0
2025/11/08-17:35:29.144239 6a38 	kCustomCompressionC6 supported: 0
2025/11/08-17:35:29.144241 6a38 	kCustomCompressionC7 supported: 0
2025/11/08-17:35:29.144243 6a38 	kCustomCompressionC8 supported: 0
2025/11/08-17:35:29.144245 6a38 	kCustomCompressionC9 supported: 0
2025/11/08-17:35:29.144247 6a38 	kCustomCompressionCA supported: 0
2025/11/08-17:35:29.144250 6a38 	kCustomCompressionCB supported: 0
2025/11/08-17:35:29.144252 6a38 	kCustomCompressionCC supported: 0
2025/11/08-17:35:29.144254 6a38 	kCustomCompressionCD supported: 0
2025/11/08-17:35:29.144256 6a38 	kCustomCompressionCE supported: 0
2025/11/08-17:35:29.144258 6a38 	kCustomCompressionCF supported: 0
2025/11/08-17:35:29.144260 6a38 	kCustomCompressionD0 supported: 0
2025/11/08-17:35:29.144263 6a38 	kCustomCompressionD1 supported: 0
2025/11/08-17:35:29.144265 6a38 	kCustomCompressionD2 supported: 0
2025/11/08-17:35:29.144267 6a38 	kCustomCompressionD3 supported: 0
2025/11/08-17:35:29.144269 6a38 	kCustomCompressionD4 supported: 0
2025/11/08-17:35:29.144271 6a38 	kCustomCompressionD5 supported: 0
2025/11/08-17:35:29.144274 6a38 	kCustomCompressionD6 supported: 0
2025/11/08-17:35:29.144276 6a38 	kCustomCompressionD7 supported: 0
2025/11/08-17:35:29.144278 6a38 	kCustomCompressionD8 supported: 0
2025/11/08-17:35:29.144280 6a38 	kCustomCompressionD9 supported: 0
2025/11/08-17:35:29.144282 6a38 	kCustomCompressionDA supported: 0
2025/11/08-17:35:29.144284 6a38 	kCustomCompressionDB supported: 0
2025/11/08-17:35:29.144287 6a38 	kCustomCompressionDC supported: 0
2025/11/08-17:35:29.144289 6a38 	kCustomCompressionDD supported: 0
2025/11/08-17:35:29.144291 6a38 	kCustomCompressionDE supported: 0
2025/11/08-17:35:29.144293 6a38 	kCustomCompressionDF supported: 0
2025/11/08-17:35:29.144295 6a38 	kCustomCompressionE0 supported: 0
2025/11/08-17:35:29.144297 6a38 	kCustomCompressionE1 supported: 0
2025/11/08-17:35:29.144300 6a38 	kCustomCompressionE2 supported: 0
2025/11/08-17:35:29.144302 6a38 	kCustomCompressionE3 supported: 0
2025/11/08-17:35:29.144304 6a38 	kCustomCompressionE4 supported: 0
2025/11/08-17:35:29.144306 6a38 	kCustomCompressionE5 supported: 0
2025/11/08-17:35:29.144308 6a38 	kCustomCompressionE6 supported: 0
2025/11/08-17:35:29.144311 6a38 	kCustomCompressionE7 supported: 0
2025/11/08-17:35:29.144313 6a38 	kCustomCompressionE8 supported: 0
2025/11/08-17:35:29.144315 6a38 	kCustomCompressionE9 supported: 0
2025/11/08-17:35:29.144317 6a38 	kCustomCompressionEA supported: 0
2025/11/08-17:35:29.144319 6a38 	kCustomCompressionEB supported: 0
2025/11/08-17:35:29.144322 6a38 	kCustomCompressionEC supported: 0
2025/11/08-17:35:29.144324 6a38 	kCustomCompressionED supported: 0
2025/11/08-17:35:29.144326 6a38 	kCustomCompressionEE supported: 0
2025/11/08-17:35:29.144328 6a38 	kCustomCompressionEF supported: 0
2025/11/08-17:35:29.144330 6a38 	kCustomCompressionF0 supported: 0
2025/11/08-17:35:29.144332 6a38 	kCustomCompressionF1 supported: 0
2025/11/08-17:35:29.144334 6a38 	kCustomCompressionF2 supported: 0
2025/11/08-17:35:29.144336 6a38 	kCustomCompressionF3 supported: 0
2025/11/08-17:35:29.144339 6a38 	kCustomCompressionF4 supported: 0
2025/11/08-17:35:29.144341 6a38 	kCustomCompressionF5 supported: 0
2025/11/08-17:35:29.144343 6a38 	kCustomCompressionF6 supported: 0
2025/11/08-17:35:29.144355 6a38 	kCustomCompressionF7 supported: 0
2025/11/08-17:35:29.144358 6a38 	kCustomCompressionF8 supported: 0
2025/11/08-17:35:29.144360 6a38 	kCustomCompressionF9 supported: 0
2025/11/08-17:35:29.144362 6a38 	kCustomCompressionFA supported: 0
2025/11/08-17:35:29.144364 6a38 	kCustomCompressionFB supported: 0
2025/11/08-17:35:29.144366 6a38 	kCustomCompressionFC supported: 0
2025/11/08-17:35:29.144369 6a38 	kCustomCompressionFD supported: 0
2025/11/08-17:35:29.144371 6a38 	kCustomCompressionFE supported: 0
2025/11/08-17:35:29.144375 6a38 Fast CRC32 supported: Not supported on x86
2025/11/08-17:35:29.144378 6a38 DMutex implementation: std::mutex
2025/11/08-17:35:29.144380 6a38 Jemalloc supported: 0
2025/11/08-17:35:29.145825 6a38 [:318] Creating manifest 1 
2025/11/08-17:35:29.148431 6a38 [:6116] Recovering from manifest file: ./vote_db/MANIFEST-000001
2025/11/08-17:35:29.152879 6a38 [b/column_family.cc:692] --------------- Options for column family [default]:
2025/11/08-17:35:29.152889 6a38               Options.comparator: leveldb.BytewiseComparator
2025/11/08-17:35:29.152892 6a38           Options.merge_operator: None
2025/11/08-17:35:29.152894 6a38        Options.compaction_filter: None
2025/11/08-17:35:29.152896 6a38        Options.compaction_filter_factory: None
2025/11/08-17:35:29.152900 6a38  Options.sst_partitioner_factory: None
2025/11/08-17:35:29.152902 6a38         Options.memtable_factory: SkipListFactory
2025/11/08-17:35:29.152904 6a38            Options.table_factory: BlockBasedTable
2025/11/08-17:35:29.152935 6a38            table_factory options:   flush_block_policy_factory: FlushBlockBySizePolicyFactory (0000028C9759B4E0)
  cache_index_and_filter_blocks: 0
  cache_index_and_filter_blocks_with_high_priority: 1
  pin_l0_filter_and_index_blocks_in_cache: 0
  pin_top_level_index_and_filter: 1
  index_type: 0
  data_block_index_type: 0
  index_shortening: 1
  data_block_hash_table_util_ratio: 0.750000
  checksum: 4
  no_block_cache: 0
  block_cache: 0000028C9751DF40
  block_cache_name: LRUCache
  block_cache_options:
    capacity : 33554432
    num_shard_bits : 6
    strict_capacity_limit : 0
    memory_allocator : None
    high_pri_pool_ratio: 0.500
    low_pri_pool_ratio: 0.000
  persistent_cache: 0000000000000000
  block_size: 4096
  block_size_deviation: 10
  block_restart_interval: 16
  index_block_restart_interval: 1
  metadata_block_size: 4096
  partition_filters: 0
  use_delta_encoding: 1
  filter_policy: nullptr
  whole_key_filtering: 1
  verify_compression: 0
  read_amp_bytes_per_bit: 0
  format_version: 6
  enable_index_compression: 1
  block_align: 0
  max_auto_readahead_size: 262144
  prepopulate_block_cache: 0
  initial_auto_readahead_size: 8192
  num_file_reads_for_auto_readahead: 2
2025/11/08-17:35:29.152938 6a38        Options.write_buffer_size: 67108864
2025/11/08-17:35:29.152940 6a38  Options.max_write_buffer_number: 2
2025/11/08-17:35:29.152942 6a38          Options.compression: Snappy
2025/11/08-17:35:29.152945 6a38                  Options.bottommost_compression: Disabled
2025/11/08-17:35:29.152947 6a38       Options.prefix_extractor: nullptr
2025/11/08-17:35:29.152949 6a38   Options.memtable_insert_with_hint_prefix_extractor: nullptr
2025/11/08-17:35:29.152952 6a38             Options.num_levels: 7
2025/11/08-17:35:29.152954 6a38        Options.min_write_buffer_number_to_merge: 1
2025/11/08-17:35:29.152956 6a38     Options.max_write_buffer_size_to_maintain: 0
2025/11/08-17:35:29.152958 6a38            Options.bottommost_compression_opts.window_bits: -14
2025/11/08-17:35:29.152960 6a38                  Options.bottommost_compression_opts.level: 32767
2025/11/08-17:35:29.152963 6a38               Options.bottommost_compression_opts.strategy: 0
2025/11/08-17:35:29.152965 6a38         Options.bottommost_compression_opts.max_dict_bytes: 0
2025/11/08-17:35:29.152967 6a38         Options.bottommost_compression_opts.zstd_max_train_bytes: 0
2025/11/08-17:35:29.152969 6a38         Options.bottommost_compression_opts.parallel_threads: 1
2025/11/08-17:35:29.152973 6a38                  Options.bottommost_compression_opts.enabled: false
2025/11/08-17:35:29.152977 6a38         Options.bottommost_compression_opts.max_dict_buffer_bytes: 0
2025/11/08-17:35:29.152979 6a38         Options.bottommost_compression_opts.use_zstd_dict_trainer: true
2025/11/08-17:35:29.152981 6a38            Options.compression_opts.window_bits: -14
2025/11/08-17:35:29.152983 6a38                  Options.compression_opts.level: 32767
2025/11/08-17:35:29.152986 6a38               Options.compression_opts.strategy: 0
2025/11/08-17:35:29.152988 6a38         Options.compression_opts.max_dict_bytes: 0
2025/11/08-17:35:29.152990 6a38         Options.compression_opts.zstd_max_train_bytes: 0
2025/11/08-17:35:29.152992 6a38         Options.compression_opts.use_zstd_dict_trainer: true
2025/11/08-17:35:29.152994 6a38         Options.compression_opts.parallel_threads: 1
2025/11/08-17:35:29.152996 6a38                  Options.compression_opts.enabled: false
2025/11/08-17:35:29.152998 6a38         Options.compression_opts.max_dict_buffer_bytes: 0
2025/11/08-17:35:29.153001 6a38      Options.level0_file_num_compaction_trigger: 4
2025/11/08-17:35:29.153003 6a38          Options.level0_slowdown_writes_trigger: 20
2025/11/08-17:35:29.153005 6a38              Options.level0_stop_writes_trigger: 36
2025/11/08-17:35:29.153007 6a38                   Options.target_file_size_base: 67108864
2025/11/08-17:35:29.153009 6a38             Options.target_file_size_multiplier: 1
2025/11/08-17:35:29.153012 6a38                Options.max_bytes_for_level_base: 268435456
2025/11/08-17:35:29.153014 6a38 Options.level_compaction_dynamic_level_bytes: 1
2025/11/08-17:35:29.153016 6a38          Options.max_bytes_for_level_multiplier: 10.000000
2025/11/08-17:35:29.153019 6a38 Options.max_bytes_for_level_multiplier_addtl[0]: 1
2025/11/08-17:35:29.153021 6a38 Options.max_bytes_for_level_multiplier_addtl[1]: 1
2025/11/08-17:35:29.153023 6a38 Options.max_bytes_for_level_multiplier_addtl[2]: 1
2025/11/08-17:35:29.153025 6a38 Options.max_bytes_for_level_multiplier_addtl[3]: 1
2025/11/08-17:35:29.153027 6a38 Options.max_bytes_for_level_multiplier_addtl[4]: 1
2025/11/08-17:35:29.153029 6a38 Options.max_bytes_for_level_multiplier_addtl[5]: 1
2025/11/08-17:35:29.153032 6a38 Options.max_bytes_for_level_multiplier_addtl[6]: 1
2025/11/08-17:35:29.153034 6a38       Options.max_sequential_skip_in_iterations: 8
2025/11/08-17:35:29.153036 6a38          Options.memtable_op_scan_flush_trigger: 0
2025/11/08-17:35:29.153038 6a38      Options.memtable_avg_op_scan_flush_trigger: 0
2025/11/08-17:35:29.153040 6a38                    Options.max_compaction_bytes: 1677721600
2025/11/08-17:35:29.153042 6a38                        Options.arena_block_size: 1048576
2025/11/08-17:35:29.153044 6a38   Options.soft_pending_compaction_bytes_limit: 68719476736
2025/11/08-17:35:29.153047 6a38   Options.hard_pending_compaction_bytes_limit: 274877906944
2025/11/08-17:35:29.153049 6a38                Options.disable_auto_compactions: 0
2025/11/08-17:35:29.153052 6a38                        Options.compaction_style: kCompactionStyleLevel
2025/11/08-17:35:29.153056 6a38                          Options.compaction_pri: kMinOverlappingRatio
2025/11/08-17:35:29.153058 6a38 Options.compaction_options_universal.size_ratio: 1
2025/11/08-17:35:29.153060 6a38 Options.compaction_options_universal.min_merge_width: 2
2025/11/08-17:35:29.153062 6a38 Options.compaction_options_universal.max_merge_width: 4294967295
2025/11/08-17:35:29.153064 6a38 Options.compaction_options_universal.max_size_amplification_percent: 200
2025/11/08-17:35:29.153067 6a38 Options.compaction_options_universal.compression_size_percent: -1
2025/11/08-17:35:29.153069 6a38 Options.compaction_options_universal.stop_style: kCompactionStopStyleTotalSize
2025/11/08-17:35:29.153071 6a38 Options.compaction_options_universal.max_read_amp: -1
2025/11/08-17:35:29.153073 6a38 Options.compaction_options_universal.reduce_file_locking: 0
2025/11/08-17:35:29.153076 6a38 Options.compaction_options_fifo.max_table_files_size: 1073741824
2025/11/08-17:35:29.153079 6a38 Options.compaction_options_fifo.allow_compaction: 0
2025/11/08-17:35:29.153084 6a38                   Options.table_properties_collectors: 
2025/11/08-17:35:29.153087 6a38                   Options.inplace_update_support: 0
2025/11/08-17:35:29.153089 6a38                 Options.inplace_update_num_locks: 10000
2025/11/08-17:35:29.153091 6a38               Options.memtable_prefix_bloom_size_ratio: 0.000000
2025/11/08-17:35:29.153093 6a38               Options.memtable_whole_key_filtering: 0
2025/11/08-17:35:29.153096 6a38   Options.memtable_huge_page_size: 0
2025/11/08-17:35:29.153098 6a38                           Options.bloom_locality: 0
2025/11/08-17:35:29.153100 6a38                    Options.max_successive_merges: 0
2025/11/08-17:35:29.153102 6a38             Options.strict_max_successive_merges: 0
2025/11/08-17:35:29.153104 6a38                Options.optimize_filters_for_hits: 0
2025/11/08-17:35:29.153106 6a38                Options.paranoid_file_checks: 0
2025/11/08-17:35:29.153108 6a38                Options.force_consistency_checks: 1
2025/11/08-17:35:29.153111 6a38                Options.report_bg_io_stats: 0
2025/11/08-17:35:29.153113 6a38                Options.disallow_memtable_writes: 0
2025/11/08-17:35:29.153115 6a38                               Options.ttl: 2592000
2025/11/08-17:35:29.153117 6a38          Options.periodic_compaction_seconds: 0
2025/11/08-17:35:29.153120 6a38                        Options.default_temperature: kUnknown
2025/11/08-17:35:29.153122 6a38  Options.preclude_last_level_data_seconds: 0
2025/11/08-17:35:29.153124 6a38    Options.preserve_internal_time_seconds: 0
2025/11/08-17:35:29.153126 6a38                       Options.enable_blob_files: false
2025/11/08-17:35:29.153128 6a38                           Options.min_blob_size: 0
2025/11/08-17:35:29.153130 6a38                          Options.blob_file_size: 268435456
2025/11/08-17:35:29.153133 6a38                   Options.blob_compression_type: NoCompression
2025/11/08-17:35:29.153135 6a38          Options.enable_blob_garbage_collection: false
2025/11/08-17:35:29.153137 6a38      Options.blob_garbage_collection_age_cutoff: 0.250000
2025/11/08-17:35:29.153140 6a38 Options.blob_garbage_collection_force_threshold: 1.000000
2025/11/08-17:35:29.153142 6a38          Options.blob_compaction_readahead_size: 0
2025/11/08-17:35:29.153144 6a38                Options.blob_file_starting_level: 0
2025/11/08-17:35:29.153146 6a38         Options.experimental_mempurge_threshold: 0.000000
2025/11/08-17:35:29.153148 6a38            Options.memtable_max_range_deletions: 0
2025/11/08-17:35:29.154033 6a38 [is %llu, next_file_number is %llu, last_sequence is %llu, log_number is %llu,prev_log_number is %llu,max_column_family is %u,min_log_number_to_keep is %llu
:6174] Recovered from manifest file:./vote_db/MANIFEST-000001 succeeded,manifest_file_number is 1, next_file_number is 3, last_sequence is 0, log_number is 0,prev_log_number is 0,max_column_family is 0,min_log_number_to_keep is 0
2025/11/08-17:35:29.154041 6a38 [cate MANIFEST file in :6183] Column family [default] (ID 0), log number is 0
2025/11/08-17:35:29.154047 6a38 [new Db, wal_dir contains existing log file: :692] DB ID: 37407be6-bc9b-11f0-8b6a-4c2338b0e648
2025/11/08-17:35:29.154818 6a38 [ocksdb/db/version_set.cc:5624] Creating manifest 5
2025/11/08-17:35:29.159940 6a38 [) failed --- Unable to persist Options file:2632] SstFileManager instance 0000028C975BFC60
2025/11/08-17:35:29.160539 6a38 DB pointer 0000028C975BD380
2025/11/08-17:35:29.160808 3f4c [%s:1118] %s:1117] ------- DUMPING STATS -------
2025/11/08-17:35:29.160819 3f4c [STATS -------:1118] 
** DB Stats **
Uptime(secs): 0.0 total, 0.0 interval
Cumulative writes: 0 writes, 0 keys, 0 commit groups, 0.0 writes per commit group, ingest: 0.00 GB, 0.00 MB/s
Cumulative WAL: 0 writes, 0 syncs, 0.00 writes per sync, written: 0.00 GB, 0.00 MB/s
Cumulative stall: 00:00:0.000 H:M:S, 0.0 percent
Interval writes: 0 writes, 0 keys, 0 commit groups, 0.0 writes per commit group, ingest: 0.00 MB, 0.00 MB/s
Interval WAL: 0 writes, 0 syncs, 0.00 writes per sync, written: 0.00 GB, 0.00 MB/s
Interval stall: 00:00:0.000 H:M:S, 0.0 percent
Write Stall (count): write-buffer-manager-limit-stops: 0

** Compaction Stats [default] **
Level    Files   Size     Score Read(GB)  Rn(GB) Rnp1(GB) Write(GB) WPreComp(GB) Wnew(GB) Moved(GB) W-Amp Rd(MB/s) Wr(MB/s) Comp(sec) CompMergeCPU(sec) Comp(cnt) Avg(sec) KeyIn KeyDrop Rblob(GB) Wblob(GB)
-------------------------------------------------------------------------------------------------------------------------------------------------------------------------------------------------------------
 Sum      0/0      0.00 KB   0.0      0.0     0.0      0.0       0.0       0.0      0.0       0.0   0.0      0.0      0.0      0.00              0.00         0    0.000       0      0       0.0       0.0
 Int      0/0      0.00 KB   0.0      0.0     0.0      0.0       0.0       0.0      0.0       0.0   0.0      0.0      0.0      0.00              0.00         0    0.000       0      0       0.0       0.0

** Compaction Stats [default] **
Priority    Files   Size     Score Read(GB)  Rn(GB) Rnp1(GB) Write(GB) WPreComp(GB) Wnew(GB) Moved(GB) W-Amp Rd(MB/s) Wr(MB/s) Comp(sec) CompMergeCPU(sec) Comp(cnt) Avg(sec) KeyIn KeyDrop Rblob(GB) Wblob(GB)
----------------------------------------------------------------------------------------------------------------------------------------------------------------------------------------------------------------

Blob file count: 0, total size: 0.0 GB, garbage size: 0.0 GB, space amp: 0.0

Uptime(secs): 0.0 total, 0.0 interval
Flush(GB): cumulative 0.000, interval 0.000
AddFile(GB): cumulative 0.000, interval 0.000
AddFile(Total Files): cumulative 0, interval 0
AddFile(L0 Files): cumulative 0, interval 0
AddFile(Keys): cumulative 0, interval 0
Cumulative compaction: 0.00 GB write, 0.00 MB/s write, 0.00 GB read, 0.00 MB/s read, 0.0 seconds
Interval compaction: 0.00 GB write, 0.00 MB/s write, 0.00 GB read, 0.00 MB/s read, 0.0 seconds
Estimated pending compaction bytes: 0
Write Stall (count): cf-l0-file-count-limit-delays-with-ongoing-compaction: 0, cf-l0-file-count-limit-stops-with-ongoing-compaction: 0, l0-file-count-limit-delays: 0, l0-file-count-limit-stops: 0, memtable-limit-delays: 0, memtable-limit-stops: 0, pending-compaction-bytes-delays: 0, pending-compaction-bytes-stops: 0, total-delays: 0, total-stops: 0
Block cache LRUCache@0000028C9751DF40#33776 capacity: 32.00 MB seed: 1309477265 usage: 0.08 KB table_size: 1024 occupancy: 1 collections: 1 last_copies: 0 last_secs: 8.1e-05 secs_since: 0
Block cache entry stats(count,size,portion): Misc(1,0.00 KB,0%)

** File Read Latency Histogram By Level [default] **
